#NUM	AA	HA	CA	CB	CO	N	HN
							
234	Q	0	56.3058	29.5074	175.7418	0	0
235	D	0	54.5281	41.2311	176.4125	121.5292	8.5568
236	S	0	58.7021	63.8144	174.5368	115.9732	8.2597
237	L	0	55.3437	42.3998	177.5189	123.6964	8.2725
238	S	0	58.1835	63.9493	174.5964	116.8569	8.3186
239	V	0	62.4447	32.631	175.9903	121.5137	8.0831
240	A	0	52.5949	19.2326	177.2653	126.6886	8.2186
241	D	0	54.2247	41.298	175.9734	119.125	8.0523
242	Y	0	58.0498	38.5372	176.2498	120.369	7.9855
243	G	0	45.2474	0	173.4167	109.8797	8.1555
244	W	0	55.169	28.972	174.6489	122.2798	7.9617
245	P	0	63.5477	31.9939	176.7534	0	0
246	N	0	53.5677	39.1352	175.0161	118.5812	8.4112
247	D	0	54.3507	41.0927	176.2876	120.2091	8.3413
248	V	0	62.4803	32.8044	175.9596	119.4328	7.972
249	D	0	54.4822	41.2091	176.5815	123.746	8.394
250	Q	0	56.1959	29.0354	176.5122	121.7409	8.3679
251	S	0	59.5676	63.7227	174.6774	116.4724	8.4189
252	H	0	56.1954	29.7517	175.0004	0	0
253	L	0	55.3051	42.4471	177.0905	122.8584	7.9587
254	D	0	54.3973	41.3865	176.4429	121.3306	8.3807
255	S	0	58.5121	63.8575	174.9975	116.4049	8.2473
256	S	0	59.2235	63.8261	174.4524	117.9621	8.4312
257	D	0	54.6147	41.1991	176.1872	121.9504	8.3001
258	M	0	55.6056	32.7591	175.7991	119.5235	8.0502
259	F	0	57.6557	39.7719	175.2685	120.3733	8.0687
260	D	0	54.0697	41.299	176.2415	122.2837	8.3451
261	V	0	62.8665	32.4833	176.1562	120.3785	8.0804
262	D	0	55.1421	41.2013	177.0241	123.1069	8.3366
263	E	0	57.7529	30.0347	177.0323	121.5875	8.2873
264	L	0	56.0156	42.0009	177.8609	121.2415	8.123
265	L	0	55.3555	41.9784	177.5679	121.154	8.017
266	R	0	56.6458	31.0564	176.2139	120.9984	7.9551
267	D	0	54.4361	41.1359	176.583	120.8747	8.3103
268	L	0	55.5966	42.2144	177.5695	122.6383	8.1733
269	N	0	53.6006	39.3103	175.7992	118.5891	8.4435
270	G	0	45.5498	0	174.0909	109.1968	8.2847
271	D	0	54.6179	41.3508	176.1521	120.4715	8.2861
272	D	0	54.3875	41.1465	176.2875	120.3603	8.3393
273	V	0	62.4609	32.6464	175.9732	119.7748	7.9375
274	F	0	57.9593	39.474	175.3768	124.2023	8.3628
275	A	0	52.319	19.4871	176.6377	127.7995	8.2026
276	G	0	46.1799	0	178.9389	113.866	7.1368