#NUM	AA	HA	CA	CB	CO	N	HN
							
234	Q	0	56.2767	29.4873	175.7463	0	0
235	D	0	54.5098	41.1982	176.3918	121.5121	8.563
236	S	0	58.6546	63.7928	174.5179	115.9521	8.2597
237	L	0	55.3489	42.3805	177.4507	123.6786	8.2818
238	S	0	58.1513	63.9802	174.6443	116.9294	8.3433
239	V	0	62.4815	32.5961	175.9983	121.4167	8.1074
240	A	0	52.6289	19.218	177.2572	126.5392	8.2163
241	D	0	54.2357	41.3598	176.0012	119.0324	8.039
242	Y	0	57.9947	38.5505	177.5211	120.1051	7.9732
243	G	0	45.2622	0	173.4167	109.4255	8.1553
244	W	0	55.1619	29.0391	174.5488	122.1008	7.973
245	P	0	63.4943	31.9657	176.6847	0	0
246	N	0	53.604	39.072	175.0403	118.4744	8.4199
247	D	0	54.3452	41.0613	176.2902	119.8538	8.3238
248	V	0	62.5424	32.8044	175.9578	119.3483	7.9563
249	D	0	54.4338	41.1939	176.6639	123.5762	8.3944
250	Q	0	56.4297	28.8443	176.637	121.6172	8.374
251	S	0	59.7939	63.58	174.8186	116.0627	8.4001
252	H	0	56.2498	29.7693	175.1514	120.163	8.1514
253	L	0	55.4017	42.4171	177.1107	122.1675	7.7694
254	D	0	54.2389	41.6798	176.776	121.052	8.5264
255	S	0	59.1958	63.4916	175.6187	116.6381	8.2108
256	S	0	60.2548	63.7376	173.8325	117.5931	8.4827
257	D	0	54.5516	41.9281	175.6054	118.4852	8.354
258	M	0	53.7481	36.6991	174.3852	117.4012	7.8996
259	F	0	55.2629	41.7301	171.7154	115.9046	8.6462
260	D	0	52.4789	40.5438	176.9237	121.5025	7.9771
261	V	0	66.0782	32.2338	176.5627	129.2398	8.2055
262	D	0	57.454	40.0665	179.3637	120.0549	7.9939
263	E	0	59.0328	29.7898	177.9843	121.4185	7.9422
264	L	0	58.1925	41.2486	178.9251	120.0656	7.7617
265	L	0	58.4755	41.4459	179.3625	117.3074	8.4387
266	R	0	59.7234	29.9886	179.3818	119.0546	7.8459
267	D	0	56.8598	40.686	178.5853	121.085	7.9695
268	L	0	56.1174	41.4519	177.7325	117.9074	8.0041
269	N	0	53.589	39.067	176.2616	117.6047	8.0953
270	G	0	45.6702	0	174.0157	109.0038	8.0856
271	D	0	54.5199	41.4312	176.081	120.2994	8.2928
272	D	0	54.2808	41.2734	176.3021	120.439	8.3633
273	V	0	62.4742	32.5774	175.9461	119.9426	8.0156
274	F	0	57.9304	39.4371	175.3616	124.1352	8.3806
275	A	0	52.3044	19.4592	176.6454	127.6817	8.1958
276	G	0	46.1785	0	178.891	113.8164	7.1589