#NUM	AA	HA	CA	CB	CO	N	HN
533	N	0	53.4529	38.9317	0	0	0
534	S	0	58.6404	63.9117	0	116.3187	8.3184
535	S	0	58.3185	64.0159	0	117.7919	8.3171
536	A	0	50.8099	18.4158	0	126.8764	8.1932
537	P	0	63.4541	32.1351	0	0	0
538	N	0	53.4232	38.6447	0	118.0019	8.456
539	M	0	55.6504	32.7546	0	120.992	8.2959
540	Q	0	56.0871	29.3307	0	120.9871	8.3258
541	L	0	55.2626	42.5165	0	122.9453	8.183
542	S	0	58.3096	63.9317	0	116.3396	8.2134
543	Q	0	53.7456	29.212	0	122.6337	8.306
544	P	0	63.4253	32.2153	0	0	0
545	S	0	58.4727	63.9264	0	116.0994	8.4619
546	S	0	58.7373	63.9676	0	117.5801	8.3581
547	G	0	45.5434	0	0	110.7049	8.3941
548	A	0	52.7308	19.3455	0	123.5239	8.0974
549	M	0	55.7634	32.8897	0	118.9937	8.2877
550	Q	0	56.1608	29.4833	0	121.4392	8.3622
551	T	0	61.9586	70.0119	0	114.7513	8.1983
552	S	0	58.7642	63.8873	0	117.5913	8.3352
553	Q	0	56.1321	29.4829	0	121.8237	8.3718
554	S	0	58.5868	64.001	0	116.6189	8.2169
555	K	0	56.688	33.5053	0	122.7656	8.2119
556	Y	0	57.4363	41.634	0	120.5913	8.3224
557	V	0	61.008	35.8468	0	120.1556	9.2776
558	K	0	58.0379	32.5978	0	129.9212	9.0718
559	V	0	59.9108	34.8092	0	120.2532	8.9617
560	W	0	58.4065	33.0106	0	121.4681	7.4638
561	E	0	54.9041	33.61	0	126.2399	7.1624
562	G	0	46.1336	0	0	109.7948	7.5512
563	N	0	52.7196	41.1869	0	117.3355	8.5247
564	L	0	53.7788	44.1799	0	122.443	8.9097
565	S	0	56.7575	66.8642	0	122.9868	9.1126
566	G	0	44.1323	0	0	109.4606	8.8155
567	Q	0	54.7571	32.3816	0	119.1305	7.6642
568	R	0	54.9185	32.5864	0	121.6957	8.5518
569	Q	0	56.8285	26.7763	0	127.8733	9.7226
570	G	0	45.4917	0	0	103.4313	8.5842
571	Q	0	52.0887	30.0704	0	120.4718	7.8228
572	P	0	62.5783	32.3487	0	0	0
573	V	0	61.1423	35.6787	0	122.337	8.2377
574	L	0	56.0924	42.1595	0	129.5235	8.6148
575	I	0	62.3588	38.8099	0	126.298	8.8641
576	T	0	60.4102	67.371	0	108.1962	7.4238
577	R	0	56.4838	31.6092	0	126.2771	8.6412
578	L	0	53.7265	48.2175	0	125.504	9.5189
579	E	0	55.1555	34.9087	0	116.8457	8.6368
580	G	0	46.2132	0	0	109.0213	9.6037
581	Y	0	57.2004	41.5652	0	122.0724	9.1946
582	R	0	52.5719	33.3522	0	117.1492	9.0352
583	S	0	58.6867	63.4887	0	117.8487	9.5034
584	A	0	54.9491	18.6088	0	128.2159	8.4827
585	S	0	58.451	63.7069	0	109.1106	7.8574
586	A	0	51.2339	20.7131	0	125.5671	7.4117
587	S	0	57.9031	64.135	0	112.487	8.273
588	D	0	55.6593	40.6892	0	123.3669	8.5358
589	S	0	58.6728	63.4115	0	113.8588	8.1366
590	L	0	58.2017	42.3293	0	121.0315	7.1162
591	A	0	49.7002	17.607	0	118.5901	7.5595
592	A	0	55.1528	18.9972	0	122.8829	7.1244
593	N	0	51.834	38.5105	0	112.0591	8.2772
594	W	0	55.2711	27.8561	0	120.6023	7.5533
595	P	0	0	0	0	0	0
596	P	0	64.4604	32.0756	0	0	0
597	T	0	61.3371	71.8664	0	112.1075	7.1714
598	M	0	55.394	34.5825	0	125.7385	9.2741
599	Q	0	53.7133	31.009	0	123.0482	8.5414
600	I	0	62.8723	39.175	0	125.5486	8.6565
601	V	0	63.0115	33.6024	0	126.1019	9.0563
602	R	0	55.1775	33.5885	0	116.6091	7.4828
603	L	0	53.2554	0	0	119.7034	8.8763
604	I	0	59.1521	0	0	114.9239	8.6345
605	S	0	59.4393	63.6007	0	116.5386	9.141
606	Q	0	58.6941	0	0	124.5557	8.6826
607	D	0	56.7091	40.1197	0	119.7793	8.4491
608	H	0	59.3206	30.6938	0	118.0384	7.7841
609	M	0	57.3591	33.098	0	115.4136	7.8472
610	N	0	52.8878	39.0825	0	115.3758	7.6209
611	N	0	54.215	38.974	0	119.2579	7.6389
612	K	0	58.3617	32.372	0	125.3189	8.7561
613	Q	0	57.3882	28.5956	0	118.0338	8.4122
614	Y	0	57.04	38.6601	0	116.5082	7.5633
615	V	0	64.9295	32.1649	0	120.5266	7.6889
616	G	0	45.6831	0	0	111.7674	8.4852
617	K	0	55.7362	34.0198	0	118.4677	7.9216
618	A	0	50.9399	21.2875	0	121.0326	7.6139
619	D	0	54.2936	44.8546	0	118.3266	8.2119
620	F	0	57.8342	40.438	0	120.9362	8.878
621	L	0	54.3995	47.6199	0	126.2062	9.4158
622	V	0	61.0925	35.1542	0	118.4263	8.1435
623	F	0	55.2995	43.4334	0	122.5106	9.3836
624	R	0	54.6855	33.791	0	122.291	9.5212
625	A	0	51.0633	19.9531	0	128.4221	8.8673
626	M	0	57.0101	32.6896	0	120.5689	8.5573
627	S	0	57.2613	65.13	0	112.1878	7.9159
628	Q	0	55.3402	29.5083	0	120.8074	8.4866
629	H	0	58.2061	35.3405	0	122.9212	8.1163
630	G	0	47.672	0	0	118.4484	9.0006
631	F	0	61.9864	40.8315	0	127.5794	12.3605
632	L	0	57.7071	40.2149	0	114.5121	7.5262
633	G	0	47.3259	0	0	105.4859	7.4254
634	Q	0	59.3297	29.6043	0	120.9598	7.7924
635	L	0	58.8015	40.1115	0	118.1304	7.6446
636	Q	0	58.7068	29.3286	0	116.5956	7.4686
637	D	0	57.4918	41.8532	0	120.0921	8.5124
638	K	0	55.3145	0	0	114.4765	8.0847
639	K	0	57.1256	28.7582	0	116.9387	7.6297
640	L	0	53.0337	46.201	0	119.0534	8.2351
641	C	0	55.6054	30.8812	0	116.3968	9.2683
642	A	0	50.2985	20.8141	0	124.5373	9.1216
643	V	0	62.3361	32.7182	0	121.0875	8.4499
644	I	0	60.15	41.1355	0	129.5138	9.2456
645	Q	0	55.4173	29.3341	0	126.9538	8.6045
646	L	0	53.1086	41.1658	0	128.4615	7.9876
647	P	0	66.4855	31.8163	0	0	0
648	S	0	58.0929	63.7833	0	113.0459	9.363
649	Q	0	55.0431	36.0972	0	119.3167	7.2942
650	T	0	62.934	71.1066	0	116.6477	8.9202
651	L	0	52.8937	45.704	0	129.0508	8.9101
652	L	0	53.0288	43.5789	0	126.5056	8.9574
653	L	0	53.3741	46.7818	0	123.7537	9.101
654	S	0	56.232	66.5036	0	118.591	9.2332
655	V	0	63.3368	32.4868	0	123.4199	9.2571
656	S	0	58.2926	65.0228	0	122.5756	8.4184
657	D	0	55.4103	40.6807	0	117.473	8.505
658	K	0	55.3931	33.4633	0	120.6339	8.2291
659	A	0	53.983	18.4048	0	123.783	8.3824
660	C	0	59.7165	27.299	0	109.4457	8.2316
661	R	0	55.7993	31.9996	0	122.2224	8.2351
662	L	0	54.7389	44.4611	0	126.7432	9.3207
663	I	0	59.4673	39.4744	0	122.1238	9.0296
664	G	0	44.777	0	0	111.9427	9.091
665	M	0	54.9074	36.3232	0	123.9325	9.1045
666	L	0	53.4092	46.3249	0	128.0658	8.9852
667	F	0	55.1997	40.862	0	127.3505	9.5127
668	P	0	63.1861	32.3696	0	0	0
669	G	0	45.775	0	0	110.1869	8.2601
670	D	0	53.5071	41.1287	0	118.12	8.1858
671	M	0	55.6044	33.3409	0	120.2749	7.9311
672	V	0	62.9689	32.263	0	122.4882	8.077
673	V	0	62.2785	32.6027	0	122.2361	7.8385
674	F	0	56.9456	39.6769	0	122.1305	7.924
675	K	0	54.2076	32.9066	0	123.67	8.1371
676	P	0	63.1335	32.2191	0	0	0
677	Q	0	55.7466	29.6476	0	121.1593	8.5063
678	I	0	58.6185	38.8032	0	124.0186	8.1988
679	P	0	63.5618	32.1117	0	0	0
680	N	0	54.938	40.4665	0	124.6439	7.9885