#NUM AA   HA     CA      CB       CO        N       HN    
 500   T  0.0000 62.0111 69.8350 0.0000 0.0000 0.0000
 501   T  0.0000 61.9739 69.8664 0.0000 117.2975 8.2726
 502   R  0.0000 54.0317 30.3343 0.0000 125.2039 8.3709
 503   P  0.0000 63.0138 32.1999 0.0000 0.0000 0.0000
 504   K  0.0000 56.2559 33.1373 0.0000 121.8577 8.4143
 505   S  0.0000 56.0634 63.6613 0.0000 119.4065 8.6690
 506   P  0.0000 63.2633 31.9780 0.0000 0.0000 0.0000
 507   W  0.0000 56.4949 30.5805 0.0000 120.9087 7.9476
 508   M  0.0000 52.1976 36.4672 0.0000 122.6868 8.4494
 509   P  0.0000 61.9398 32.9147 0.0000 0.0000 0.0000
 510   F  0.0000 64.3790 36.3758 0.0000 126.5083 9.5968
 511   P  0.0000 66.5279 31.2374 0.0000 0.0000 0.0000
 512   T  0.0000 66.5517 68.6378 0.0000 114.8191 7.0517
 513   L  0.0000 58.1865 41.3390 0.0000 123.5111 7.1000
 514   F  0.0000 57.1347 36.4450 0.0000 117.1324 8.4213
 515   A  0.0000 55.0942 17.9274 0.0000 120.2776 7.9973
 516   A  0.0000 54.5522 19.6483 0.0000 119.3014 7.3820
 517   I  0.0000 63.5343 38.7676 0.0000 112.9483 8.1970
 518   S  0.0000 62.2392 63.0592 0.0000 116.7389 7.9822
 519   H  0.0000 57.2365 30.1582 0.0000 0.0000 0.0000
 520   K  0.0000 55.4588 35.1554 0.0000 117.5914 8.0492
 521   V  0.0000 60.0146 34.1982 0.0000 115.5376 7.2259
 522   A  0.0000 52.1285 19.3524 0.0000 126.4772 8.8382
 523   E  0.0000 60.4242 29.5216 0.0000 123.2634 9.0108
 524   N  0.0000 56.3858 37.8636 0.0000 114.9499 8.9349
 525   D  0.0000 57.2183 40.4299 0.0000 119.7197 7.0609
 526   M  0.0000 56.0244 29.8262 0.0000 118.9278 7.7470
 527   L  0.0000 58.3713 41.4313 0.0000 119.3122 7.8214
 528   L  0.0000 58.0410 41.8471 0.0000 120.9072 7.3654
 529   I  0.0000 65.3268 38.2279 0.0000 120.8153 7.9692
 530   N  0.0000 56.4167 38.4281 0.0000 117.1328 8.4358
 531   A  0.0000 55.4022 17.9533 0.0000 123.5812 7.9358
 532   D  0.0000 57.6242 39.4042 0.0000 121.3233 8.1144
 533   Y  0.0000 60.4318 37.8561 0.0000 122.3995 9.2263
 534   Q  0.0000 58.4784 27.7548 0.0000 117.8432 8.0019
 535   Q  0.0000 59.5601 28.8970 0.0000 116.6873 7.3068
 536   L  0.0000 58.4689 41.0668 0.0000 122.9137 8.0357
 537   R  0.0000 59.0449 28.9486 0.0000 121.5008 8.3571
 538   D  0.0000 54.4225 40.9452 0.0000 117.6969 7.7742
 539   K  0.0000 57.5417 28.3805 0.0000 114.0012 8.1221
 540   K  0.0000 55.8506 33.3920 0.0000 116.6417 8.5650
 541   M  0.0000 54.3500 37.2898 0.0000 117.2140 7.3605
 542   T  0.0000 60.9420 71.4011 0.0000 113.4760 8.7524
 543   R  0.0000 60.6414 29.9797 0.0000 122.4132 9.1345
 544   A  0.0000 55.2711 18.2996 0.0000 119.5189 8.5566
 545   E  0.0000 58.8480 29.7789 0.0000 119.4484 7.8272
 546   F  0.0000 62.6203 39.8620 0.0000 120.9969 8.4975
 547   V  0.0000 67.3216 31.4632 0.0000 118.7060 8.7653
 548   R  0.0000 60.2970 29.8356 0.0000 119.1981 7.6593
 549   K  0.0000 59.5128 31.6742 0.0000 119.0621 7.7975
 550   L  0.0000 57.9821 42.2001 0.0000 121.5781 8.3844
 551   R  0.0000 60.2856 31.1018 0.0000 117.1614 8.1729
 552   V  0.0000 66.2584 31.8549 0.0000 119.1519 7.5505
 553   I  0.0000 65.0053 39.2002 0.0000 118.9083 7.8125
 554   V  0.0000 64.1372 32.9202 0.0000 114.6977 8.3908
 555   G  0.0000 44.3285 0.0000 0.0000 109.0699 7.5209
 556   D  0.0000 57.8780 40.4538 0.0000 122.9381 8.2772
 557   D  0.0000 57.8030 40.2882 0.0000 118.4085 8.4302
 558   L  0.0000 57.2239 40.9280 0.0000 121.9711 8.4534
 559   L  0.0000 58.7229 42.1630 0.0000 122.2264 7.9795
 560   R  0.0000 60.6367 30.4677 0.0000 119.0954 8.7774
 561   S  0.0000 61.4973 62.5927 0.0000 114.9195 8.4847
 562   T  0.0000 67.4298 68.3914 0.0000 119.1944 8.1640
 563   I  0.0000 66.1932 37.5859 0.0000 120.9137 8.4085
 564   T  0.0000 66.8724 68.6823 0.0000 113.8837 8.0930
 565   T  0.0000 66.5755 68.8684 0.0000 117.7529 7.8311
 566   L  0.0000 57.6001 42.5706 0.0000 121.7677 7.9724
 567   Q  0.0000 57.5751 29.7880 0.0000 116.8880 8.1539
 568   N  0.0000 53.2531 39.2525 0.0000 116.8662 7.7045
 569   Q  0.0000 54.2611 28.7705 0.0000 121.2735 7.8613
 570   P  0.0000 63.2944 32.1498 0.0000 0.0000 0.0000
 571   K  0.0000 56.2550 33.1408 0.0000 122.2692 8.4887
 572   S  0.0000 59.9661 64.8918 0.0000 122.8165 7.9916

